=== ZONE MONITORING TEST REPORT ===
Source Image: ppe_7.png (1024x848)
----------------------------------------

[CALIBRATION POINTS]
Point 1: Camera(946.4, 361.7)

[POLYGONS / ZONES]
Zone 1 (Zone):
  Camera Coordinates: [(0.5, 701.8), (18.9, 691.3), (37.2, 680.8), (55.6, 670.2), (74.0, 659.7), (92.3, 649.1), (110.7, 638.6), (129.0, 628.0), (147.4, 617.5), (165.7, 606.9), (184.1, 596.4), (202.4, 585.8), (220.8, 575.3), (239.1, 564.7), (257.5, 554.2), (275.9, 543.6), (294.2, 533.1), (312.6, 522.5), (330.9, 512.0), (349.3, 501.5), (367.6, 490.9), (386.0, 480.4), (404.3, 469.8), (422.7, 459.3), (441.0, 448.7), (459.4, 438.2), (477.8, 427.6), (496.1, 417.1), (514.5, 406.5), (532.8, 396.0), (551.2, 385.4), (569.5, 374.9), (587.9, 364.3), (606.2, 353.8), (624.6, 343.2), (642.9, 332.7), (661.3, 322.1), (680.5, 316.9), (701.2, 321.4), (722.0, 325.9), (742.7, 330.4), (763.4, 334.9), (784.2, 339.3), (804.9, 343.8), (825.7, 348.3), (846.4, 352.8), (848.3, 361.1), (831.1, 373.5), (813.9, 385.8), (796.7, 398.1), (779.5, 410.4), (762.3, 422.8), (745.2, 435.1), (728.0, 447.4), (710.8, 459.8), (693.6, 472.1), (676.4, 484.4), (659.2, 496.7), (642.0, 509.1), (624.9, 521.4), (607.7, 533.7), (590.5, 546.0), (573.3, 558.4), (556.1, 570.7), (538.9, 583.0), (521.7, 595.3), (504.6, 607.7), (487.4, 620.0), (470.2, 632.3), (453.0, 644.6), (435.8, 657.0), (418.6, 669.3), (401.4, 681.6), (384.3, 693.9), (367.1, 706.3), (349.9, 718.6), (332.7, 730.9), (315.5, 743.2), (298.3, 755.6), (281.1, 767.9), (264.0, 780.2), (246.8, 792.5), (229.6, 804.9), (212.4, 817.2), (195.2, 829.5), (178.0, 841.8), (157.5, 844.0), (136.3, 844.2), (115.0, 844.4), (93.8, 844.5), (72.6, 844.7), (51.4, 844.9), (30.1, 845.0), (9.3, 844.0), (-0.7, 827.9), (-0.5, 806.9), (-0.3, 785.9), (-0.1, 764.9), (0.1, 743.9), (0.3, 722.8), (0.5, 701.8)]

[HUMAN DETECTIONS]
Person 1 (Conf: 0.85):
  Bounding Box: [x1=329.4, y1=277.6, x2=419.7, y2=620.7]
  Foot Point: Camera(374.6, 620.7)
  STATUS: BEV Calibration missing - Spatial check skipped
Person 2 (Conf: 0.85):
  Bounding Box: [x1=442.6, y1=265.2, x2=540.3, y2=615.9]
  Foot Point: Camera(491.4, 615.9)
  STATUS: BEV Calibration missing - Spatial check skipped
Person 3 (Conf: 0.84):
  Bounding Box: [x1=582.8, y1=290.9, x2=686.5, y2=600.3]
  Foot Point: Camera(634.6, 600.3)
  STATUS: BEV Calibration missing - Spatial check skipped